# image1.jpg
449 330 570 478 488 373 542 376 515 412 485 425 538 431 
# image2.jpg
361 98 623 436 424 251 547 232 494 325 453 368 561 342 
# image3.jpg
78 238 91 254 84 244 89 244 86 247 85 250 88 250 
113 212 123 226 117 220 122 220 119 222 118 225 122 225 
134 260 148 274 142 265 146 265 145 267 142 272 146 271 
163 250 176 266 169 256 175 257 172 260 170 262 174 262 
201 218 210 229 203 222 207 223 204 225 203 227 206 227 
182 266 196 282 189 271 195 271 193 274 191 278 194 278 
245 279 262 293 254 281 259 281 257 284 255 287 259 287 
304 265 319 281 309 272 314 270 314 275 312 279 316 278 
328 295 343 314 337 303 343 302 341 307 339 312 343 312 
389 281 405 299 396 290 401 289 400 294 399 297 403 296 
406 293 426 313 415 298 424 299 421 302 418 307 422 307 
436 290 457 306 442 292 453 292 450 296 447 301 452 301 
522 328 542 345 530 332 539 330 536 335 533 341 539 340 
643 320 665 341 653 323 661 323 661 328 653 334 661 334 
653 224 669 248 664 233 668 232 669 236 664 239 669 239 
793 337 815 366 804 348 812 348 811 355 804 359 810 359 
535 311 550 327 540 316 547 315 544 320 542 324 547 323 
29 220 39 234 33 226 38 226 36 229 33 231 38 231 
3 232 13 246 8 240 14 239 12 243 9 245 14 245 
20 215 31 230 24 221 30 221 26 224 24 228 28 229 
# image4.jpg
69 359 118 394 92 391 94 377 103 386 109 388 109 377 
227 382 282 424 244 399 248 418 238 412 234 405 237 416 
296 305 339 330 324 318 324 330 316 329 308 320 307 331 
353 280 392 315 371 295 379 302 370 304 360 306 367 312 
885 377 947 417 919 401 915 413 907 407 899 395 896 406 
819 391 852 433 838 431 842 416 847 425 849 421 849 414 
598 246 630 274 609 266 616 259 615 269 618 273 625 268 

